Point
356 367 100
497 236 100
809 21 100
729 393 100
356 337 100
660 11 100
610 279 100
80 381 100
999 511 100
569 418 100
873 356 100
206 332 100
214 240 100
558 115 100
125 11 100
432 582 100
232 447 100
312 538 100
677 561 100
554 319 100
338 84 100
94 26 100
225 1 100
896 574 100
943 263 100
500 334 100
577 107 100
163 378 100
427 274 100
511 85 100
461 605 100
824 358 100
938 59 100
711 153 100
697 121 100
16 207 100
365 551 100
301 572 100
105 251 100
341 627 100
862 561 100
438 324 100
991 303 100
914 558 100
637 145 100
53 337 100
715 99 100
429 463 100
750 442 100
76 365 100
256 142 100
814 586 100
121 528 100
865 57 100
646 356 100
565 33 100
880 158 100
274 296 100
643 216 100
307 17 100
870 384 100
417 302 100
311 456 100
972 400 100
731 252 100
230 120 100
396 584 100
877 62 100
147 170 100
922 454 100
249 77 100
915 267 100
49 514 100
29 198 100
370 379 100
509 42 100
708 171 100
545 229 100
415 577 100
260 91 100
578 311 100
351 279 100
40 173 100
277 205 100
501 182 100
454 470 100
542 513 100
553 135 100
11 285 100
446 376 100
530 90 100
314 81 100
269 18 100
467 599 100
450 216 100
280 0 100
183 624 100
935 64 100
423 391 100
367 235 100
427 203 100
182 114 100
12 135 100
380 196 100
502 239 100
230 302 100
364 364 100
191 610 100
310 114 100
348 199 100
934 233 100
169 588 100
270 65 100
578 189 100
889 60 100
978 578 100
178 88 100
123 249 100
844 359 100
716 362 100
831 244 100
696 104 100
869 7 100
536 338 100
447 211 100
734 418 100
121 49 100
305 223 100
477 397 100
274 602 100
819 225 100
422 79 100
402 415 100
384 376 100
191 159 100
474 27 100
652 413 100
643 529 100
125 212 100
168 132 100
152 492 100
6 636 100
582 602 100
953 486 100
392 349 100
279 461 100
951 13 100
362 64 100
729 204 100
681 628 100
ZoneInt
460 289 300
793 431 300
748 232 300
