zonesint
113194558 656 312
199009112 629 299
113198266 522 317
113199674 536 330
333388757 565 379
199009111 677 371
165513170 770 328
389725998 807 582
163624789 747 392
389725999 808 578
109652511 544 575
109652510 530 577
264373717 810 381
389725997 806 576
111991989 400 428
219899015 564 399
345046832 751 619
86342016 532 404
163619814 736 393
361373228 514 490
163619815 736 400
306974699 494 435
163619816 734 396
245188789 743 343
109652512 540 573
245188790 740 339
335720494 755 415
392059506 819 487
136306482 430 473
136306481 428 470
392059504 818 490
392059505 818 493
392059502 812 489
392059503 815 487
164287609 801 386
264374257 791 401
392059501 817 483
164287603 790 383
264383486 749 362
164140021 734 380
264384509 744 426
115115548 383 315
274633503 566 369
249877414 787 391
113188859 656 311
23821485 757 400
113199606 587 372
147532571 752 575
164077591 778 379
87384932 552 401
147532570 787 580
164077590 775 377
290266140 810 450
147532569 752 579
199108748 745 418
164077588 774 377
164077598 774 376
201035297 816 424
196820582 585 439
263820519 535 449
164077592 777 378
263820518 502 445
111991885 387 428
113200094 658 312
225083913 557 451
199009080 681 322
164077602 774 377
199009081 662 315
164077601 778 377
201035292 815 399
220299974 566 405
264380202 809 387
199009078 672 323
264380200 808 387
199009079 668 308
274591155 579 393
113194831 558 333
274581933 564 359
274581935 571 362
42426484 550 300
86883033 385 556
165612331 753 344
165612329 748 340
23904147 436 398
274633505 570 366
zonesint
23714287 593 421
23289071 568 348
23714276 618 419
30903386 459 499
23194606 548 445
70560804 736 596
22591690 462 439
22788431 589 504
343785832 431 637
42426641 563 322
23194617 556 479
186525061 824 413
22327625 405 497
230127786 824 333
23714295 563 423
23708490 791 285
164077540 786 387
22868985 498 298
23289029 556 394
23708494 775 325
23820611 766 394
42228780 779 377
23792576 554 290
41386460 430 638
23205580 435 616
23840453 456 617
23820612 820 437
23806171 628 295
402809138 539 398
23714264 659 425
42426550 558 308
21572091 498 404
35309609 595 284
258082774 582 335
123172194 747 573
306199541 805 644
23820503 667 430
249032599 823 476
21575437 430 445
23792302 567 443
22327954 472 512
30714515 521 295
23289133 734 315
22689933 457 412
25152168 732 376
22689853 522 486
23194633 537 396
25100690 808 390
21258166 417 415
21258545 416 422
89430945 511 402
23289112 567 337
routes
2511291309 858 312
2813475258 500 498
393978738 456 528
1578194459 338 453
1757366965 780 377
522098962 568 512
1933436209 511 333
3765068902 886 199
256411974 320 212
488518416 549 221
525625690 722 309
256612699 899 206
288077115 371 407
1578193920 347 459
1428008719 551 443
531675043 871 472
1495429937 427 473
1428008708 548 442
258042747 373 492
4061677571 322 467
1495429951 432 470
1024993542 481 273
1575632885 311 291
245572226 475 378
1051987606 305 514
2001484142 855 433
3325469714 866 538
2006369712 776 267
275242062 368 466
343562323 417 488
265697787 459 210
2447285232 291 477
339850350 581 336
484208879 585 496
2390961333 832 334
2923914353 622 224
277910697 326 425
256612209 882 219
1024993572 460 260
1028106104 492 317
1993141491 905 322
529690067 541 311
623567720 890 241
4111918930 576 435
242369591 478 445
352696640 668 412
2386564103 830 331
523334522 671 521
2001544454 876 479
4033207336 533 316
132145582 758 511
256411929 318 214
300574139 498 455
1576860590 348 314
2059932314 343 519
1274287010 413 446
430223870 764 350
2006369736 824 308
2675914017 568 446
257968898 666 340
4033207303 532 311
3798636034 379 361
2390961389 845 354
1067550672 320 538
2977182981 590 254
2745031151 404 380
1711189899 513 219
3344928042 863 309
252101503 706 320
1745518704 851 419
314326215 818 341
2270733093 788 453
1038270364 700 289
257807837 499 422
2049686187 567 349
132176225 570 476
245572129 463 364
2975770076 598 510
232296284 296 438
240053450 376 493
4031751882 454 205
3368219204 317 233
274816230 491 454
2606513108 851 283
2006369567 790 286
524165044 553 343
2792871677 553 362
273196739 768 364
1300126194 701 259
256410072 288 214
490165157 310 282
2606513103 855 285
257813963 317 447
250837609 517 510
299471172 905 472
244890630 624 354
527059957 885 365
1005289291 552 338
250837584 534 510
2006398259 892 300
2175148290 401 304
239914218 330 351
2049769604 781 428
3679478777 855 411
2049686144 570 350
883097614 543 453
257808365 504 392
1037246306 516 356
1755847193 771 386
471784109 416 438
257808363 499 393
1801602517 349 243
1028088829 508 357
352695227 726 387
1757366902 777 379
232296726 289 438
480942692 340 529
264902405 827 468
2675914160 566 440
60458318 345 472
256784283 564 425
1938252639 440 402
3043388863 332 533
1578271432 352 449
256784786 600 437
2202544532 881 203
2202544554 814 195
2006369653 778 306
2813124425 489 376
1755846721 786 386
2606513079 865 283
1610770674 384 376
2229030957 580 409
257968533 645 331
3798614162 376 442
264899379 818 473
1030750101 362 325
2623442084 510 403
2015256293 448 244
2694702182 522 370
2035181491 708 305
517573083 626 234
256412749 306 201
2930785206 841 407
2642070653 511 217
2033087012 673 284
2290283916 549 401
247652306 318 231
273196889 769 370
2090725775 672 313
264146602 331 377
2302383139 872 412
2388665720 759 399
3539132905 863 258
2653512501 572 467
960297505 893 503
2390885788 452 222
4151606891 581 434
2414662860 438 197
2993998164 308 506
274096496 314 447
2881304731 731 382
2090725808 638 303
314326418 816 341
2813474972 502 504
1750904179 755 388
2268473347 639 279
3671568354 327 489
522815518 522 507
2386562935 824 332
2813474954 545 523
365404414 438 515
1428008481 538 403
2792918341 574 314
1028088324 493 304
1770519235 770 326
2694720983 287 446
1578193759 316 455
258169394 716 420
244884938 456 528
1750907663 762 370
883097596 538 457
2969137045 527 328
2692317449 290 268
1000880345 321 490
2941762085 881 337
3247754470 585 465
3678127689 788 407
1973121774 829 484
1428008548 524 400
529913583 848 267
1754080247 762 381
2930785226 853 388
3678127681 788 405
245791709 515 267
2930784715 852 485
4133509915 339 504
256708658 660 200
2511291428 890 298
257808593 501 352
314307374 734 330
2745031176 430 369
3746193119 383 416
252101265 688 262
256783577 662 328
929134841 352 222
1578194313 339 457
257811136 418 399
2109872223 863 405
339663771 514 429
1030750423 375 323
433991280 770 267
2035036412 670 272
2519590812 704 295
883097873 525 456
232299627 326 396
245792016 541 265
314307843 740 308
1655736584 790 438
258176220 833 412
1580773368 547 359
264896523 805 426
2564203284 793 400
1831177455 825 492
232237084 446 368
1030749860 356 331
2064891096 356 413
1972513372 830 409
2064854749 359 408
257970351 719 329
292397730 528 442
1303914088 745 277
976946665 533 394
1038270518 664 283
1024992450 531 306
2675913893 593 470
3428309388 756 415
2557299633 819 493
2874053267 625 262
1428008643 548 442
343549861 555 469
3428309384 742 411
433994812 501 205
929131650 341 198
314319704 658 218
4230488012 366 420
273195950 794 388
1667361415 588 375
297219152 908 534
1632582306 358 412
256784058 620 418
2290283894 559 402
3344928425 885 276
1028105917 405 367
2290283896 548 402
1563485900 350 474
352695032 731 387
245790552 452 233