zonesint
113194558 656 312
199009112 629 299
113198266 522 317
113199674 536 330
199009078 672 323
264380200 808 387
199009079 668 308
274591155 579 393
113194831 558 333
274581933 564 359
274581935 571 362
42426484 550 300
86883033 385 556
165612331 753 344
165612329 748 340
23904147 436 398
274633505 570 366
23714287 593 421
23289071 568 348
23714276 618 419
30903386 459 499
23194606 548 445
70560804 736 596
22591690 462 439
22788431 589 504
343785832 431 637
42426641 563 322
23194617 556 479
routes
245790552 452 233
